Dynamic friction coefficient: 0.8141896024464806
Error: 0.11872881429218954

Date: 2024-06-12 11:58:46.867686