Dynamic friction coefficient: 0.8762559526495507
Error: 0.030252605586273188

Date: 2024-07-03 15:55:37.499640