Dynamic friction coefficient: 0.8762559526495507
Error: 0.027324127868970576

Date: 2024-06-25 10:50:22.501504